on/on00.csv : [560, -320, 820, -20, 840, -120, 480, -400, 480, -440, 760, -120, 440, -480, 440, -440, 480, -440, 720, -160, 720, -160, 720, -200, 400, -520, 680, -200, 400, -480, 400, -520, 360, -520, 680, -200, 720, -200, 680, -200, 400, -520, 680, -200, 680]
on/on01.csv : [360, -560, 680, -200, 680, -200, 360, -560, 400, -480, 680, -200, 400, -520, 360, -540, 340, -560, 640, -240, 680, -240, 640, -240, 360, -560, 640, -240, 320, -560, 360, -560, 320, -560, 640, -280, 600, -280, 640, -280, 320, -560, 640, -280, 600]
on/on02.csv : [360, -560, 640, -240, 640, -240, 360, -560, 320, -580, 660, -240, 320, -600, 320, -560, 320, -560, 680, -240, 640, -240, 640, -280, 320, -560, 640, -280, 280, -600, 320, -560, 320, -600, 600, -280, 640, -280, 600, -280, 320, -600, 600, -280, 600]
on/on03.csv : [320, -600, 640, -240, 640, -240, 360, -560, 320, -560, 640, -280, 320, -560, 320, -600, 280, -600, 600, -280, 640, -280, 600, -280, 320, -600, 600, -280, 320, -600, 280, -600, 280, -600, 600, -320, 600, -280, 600, -320, 280, -600, 600, -320, 560]
on/on04.csv : [360, -560, 640, -240, 640, -280, 320, -560, 320, -600, 600, -280, 360, -560, 280, -600, 320, -600, 600, -280, 600, -280, 640, -280, 280, -600, 640, -280, 280, -600, 320, -600, 280, -600, 600, -320, 600, -280, 600, -320, 280, -600, 600, -320, 600]
on/on05.csv : [320, -600, 600, -280, 600, -280, 320, -600, 320, -560, 600, -320, 280, -600, 320, -600, 280, -600, 600, -320, 600, -280, 600, -320, 280, -600, 600, -280, 320, -600, 280, -600, 320, -600, 600, -280, 600, -320, 560, -320, 280, -600, 600, -320, 560]
on/on06.csv : [320, -560, 640, -280, 600, -280, 320, -580, 300, -600, 600, -280, 320, -600, 280, -600, 320, -600, 600, -280, 600, -320, 600, -280, 320, -600, 560, -320, 280, -600, 320, -600, 280, -600, 600, -320, 600, -280, 600, -320, 280, -600, 600, -320, 560]
on/on07.csv : [300, -580, 640, -280, 600, -280, 320, -600, 280, -600, 600, -280, 320, -600, 280, -600, 320, -600, 600, -280, 600, -320, 600, -280, 280, -600, 600, -320, 280, -600, 320, -600, 280, -600, 600, -320, 600, -280, 600, -320, 280, -600, 600, -320, 560]
on/on08.csv : [320, -560, 640, -280, 600, -280, 320, -600, 280, -600, 640, -280, 280, -600, 320, -600, 280, -600, 600, -320, 600, -280, 600, -280, 320, -600, 600, -280, 320, -600, 280, -600, 320, -600, 600, -280, 600, -280, 600, -320, 280, -600, 600, -320, 600]
on/on09.csv : [320, -560, 640, -240, 640, -280, 320, -600, 280, -600, 600, -280, 320, -600, 280, -600, 320, -600, 600, -280, 600, -320, 600, -280, 320, -600, 600, -280, 280, -600, 320, -600, 280, -600, 600, -320, 280, -600, 640, -280, 280, -600, 280, -640, 280]
on/on10.csv : [320, -560, 640, -280, 600, -280, 320, -600, 280, -600, 600, -320, 280, -600, 320, -560, 320, -600, 600, -280, 640, -280, 600, -280, 320, -600, 600, -280, 320, -600, 280, -600, 320, -600, 600, -280, 280, -600, 600, -320, 280, -600, 320, -600, 280]
on/on11.csv : [340, -560, 640, -240, 640, -280, 320, -560, 320, -600, 600, -280, 320, -600, 320, -560, 320, -600, 600, -280, 600, -300, 620, -280, 320, -560, 600, -320, 280, -600, 320, -600, 280, -600, 600, -320, 280, -600, 600, -320, 280, -600, 280, -600, 320]
on/on12.csv : [320, -560, 640, -240, 640, -280, 320, -560, 320, -600, 600, -280, 320, -600, 280, -600, 320, -560, 640, -280, 600, -280, 600, -320, 280, -600, 600, -280, 320, -600, 280, -600, 320, -600, 600, -280, 280, -640, 580, -300, 280, -600, 320, -600, 280]
on/on13.csv : [320, -600, 600, -280, 640, -280, 320, -560, 320, -560, 640, -280, 320, -560, 320, -600, 280, -600, 640, -280, 600, -280, 600, -280, 320, -600, 600, -280, 320, -600, 280, -600, 320, -600, 600, -280, 280, -600, 600, -320, 280, -600, 280, -640, 280]
on/on14.csv : [360, -560, 640, -240, 640, -280, 320, -560, 320, -560, 640, -280, 320, -560, 320, -600, 280, -600, 600, -320, 600, -280, 600, -280, 320, -600, 600, -280, 320, -600, 280, -600, 320, -600, 600, -280, 320, -600, 600, -280, 280, -640, 280, -600, 280]
on/on15.csv : [320, -580, 620, -280, 640, -240, 320, -600, 320, -560, 640, -280, 320, -560, 320, -600, 320, -560, 640, -280, 600, -280, 600, -280, 320, -600, 600, -280, 320, -600, 280, -600, 280, -600, 600, -320, 280, -600, 600, -320, 280, -600, 300, -620, 280]
on/on16.csv : [360, -560, 640, -240, 640, -280, 320, -560, 320, -560, 640, -280, 320, -560, 320, -600, 320, -560, 640, -280, 600, -280, 600, -320, 280, -600, 600, -280, 320, -600, 280, -600, 320, -600, 600, -280, 280, -600, 600, -320, 280, -600, 280, -600, 320]
on/on17.csv : [320, -600, 600, -280, 640, -240, 360, -560, 320, -600, 600, -280, 320, -560, 320, -600, 280, -600, 600, -320, 600, -280, 600, -280, 320, -600, 600, -280, 320, -600, 280, -600, 320, -600, 600, -280, 320, -600, 600, -280, 280, -600, 320, -600, 280]
low/low00.csv: [680, -200, 1720, -40, 520, -400, 440, -480, 760, -120, 440, -480, 400, -480, 400, -520, 720, -160, 720, -200, 720, -160, 360, -560, 680, -200, 360, -560, 360, -520, 360, -560, 320, -560, 400, -520, 360, -520, 360, -560, 360, -520, 400]
low/low01.csv: [400, -480, 720, -200, 720, -160, 360, -560, 320, -560, 720, -160, 360, -560, 360, -560, 320, -560, 640, -280, 640, -240, 680, -200, 400, -520, 640, -240, 360, -560, 320, -560, 360, -560, 360, -520, 360, -560, 320, -560, 320, -600, 320, -560, 320]
low/low02.csv: [400, -520, 680, -200, 640, -240, 400, -520, 320, -560, 680, -240, 320, -560, 320, -600, 320, -560, 640, -280, 600, -280, 600, -320, 320, -560, 600, -280, 360, -560, 320, -560, 360, -560, 280, -600, 320, -600, 280, -600, 320, -600, 320, -560, 320]
low/low03.csv: [320, -560, 640, -240, 680, -240, 320, -560, 320, -600, 600, -280, 320, -600, 320, -560, 320, -600, 600, -280, 600, -280, 640, -280, 320, -560, 640, -280, 320, -560, 320, -600, 280, -600, 280, -640, 280, -600, 320, -600, 280, -600, 320, -560, 320]
low/low04.csv: [320, -600, 640, -240, 640, -240, 320, -600, 320, -560, 640, -280, 280, -600, 320, -560, 320, -600, 600, -280, 640, -240, 640, -280, 280, -640, 600, -280, 280, -600, 320, -600, 320, -560, 320, -600, 280, -600, 320, -600, 280, -600, 320, -600, 280]
low/low05.csv: [360, -560, 640, -240, 640, -280, 320, -560, 360, -560, 640, -240, 320, -600, 320, -560, 320, -560, 640, -280, 600, -280, 640, -280, 320, -560, 600, -320, 280, -600, 320, -600, 280, -600, 320, -560, 320, -600, 280, -600, 320, -600, 280, -600, 320]
low/low06.csv: [360, -520, 640, -280, 600, -280, 360, -560, 320, -560, 640, -240, 360, -560, 320, -560, 320, -600, 600, -280, 600, -320, 600, -280, 320, -600, 600, -280, 320, -580, 300, -600, 280, -640, 280, -600, 320, -560, 320, -600, 280, -600, 320, -600, 280]
low/low07.csv: [280, -600, 640, -240, 640, -280, 320, -560, 360, -560, 600, -280, 320, -600, 320, -560, 320, -600, 600, -280, 600, -320, 600, -280, 320, -600, 600, -280, 280, -600, 320, -600, 320, -560, 320, -600, 280, -600, 280, -600, 320, -600, 280, -600, 320]
low/low08.csv: [320, -560, 640, -240, 640, -280, 320, -560, 320, -600, 620, -260, 320, -600, 320, -560, 320, -600, 600, -280, 600, -280, 640, -280, 320, -560, 640, -280, 320, -560, 320, -600, 280, -600, 280, -640, 280, -600, 280, -600, 320, -600, 320, -560, 280]
low/low09.csv: [400, -520, 640, -240, 640, -240, 360, -560, 360, -560, 680, -200, 360, -520, 400, -520, 320, -560, 640, -240, 640, -280, 640, -240, 360, -560, 640, -240, 360, -560, 280, -20, 20, -560, 320, -600, 600, -280, 320, -560, 640, -280, 320, -560, 320, -600, 600]
low/low10.csv: [320, -560, 640, -240, 640, -280, 360, -520, 360, -560, 600, -280, 360, -560, 320, -560, 360, -560, 600, -280, 640, -240, 640, -280, 320, -600, 600, -280, 320, -600, 280, -600, 280, -600, 600, -320, 320, -560, 600, -320, 280, -600, 320, -600, 600]
low/low11.csv: [320, -560, 640, -280, 600, -280, 320, -600, 320, -560, 640, -280, 320, -560, 320, -600, 320, -560, 600, -280, 640, -280, 600, -280, 320, -600, 600, -280, 320, -600, 280, -600, 320, -600, 600, -280, 280, -640, 560, -320, 280, -640, 280, -600, 640]
low/low12.csv: [320, -560, 640, -240, 640, -280, 320, -560, 20, -20, 280, -600, 600, -280, 320, -600, 280, -600, 320, -600, 600, -280, 600, -320, 600, -280, 320, -600, 600, -280, 280, -600, 320, -600, 280, -600, 600, -320, 280, -600, 600, -320, 280, -600, 280, -600, 600]
low/low13.csv: [360, -560, 600, -280, 640, -240, 360, -560, 320, -560, 640, -280, 320, -560, 320, -600, 320, -560, 640, -280, 600, -280, 600, -320, 280, -600, 640, -240, 320, -600, 280, -600, 320, -600, 600, -280, 320, -600, 560, -320, 320, -600, 280, -600, 600]
low/low14.csv: [320, -560, 640, -280, 640, -240, 320, -600, 320, -560, 640, -280, 280, -600, 320, -600, 320, -560, 640, -280, 600, -280, 640, -280, 280, -600, 600, -320, 280, -600, 320, -600, 280, -600, 600, -320, 280, -600, 600, -280, 320, -600, 280, -600, 600]
low/low15.csv: [320, -560, 640, -280, 600, -280, 320, -600, 320, -560, 640, -280, 320, -560, 320, -600, 280, -600, 640, -280, 600, -280, 600, -320, 280, -600, 600, -320, 280, -600, 320, -600, 280, -600, 600, -320, 280, -600, 600, -280, 320, -600, 280, -600, 600]
low/low16.csv: [360, -560, 600, -280, 640, -280, 320, -560, 320, -600, 600, -280, 320, -600, 280, -600, 320, -600, 560, -320, 600, -280, 640, -280, 280, -600, 640, -280, 280, -600, 320, -600, 280, -600, 600, -320, 280, -600, 600, -320, 280, -600, 280, -600, 600]
low/low17.csv: [320, -600, 640, -240, 640, -280, 320, -560, 320, -600, 600, -280, 320, -600, 280, -600, 320, -560, 640, -280, 600, -280, 600, -320, 280, -600, 600, -320, 280, -600, 320, -600, 280, -600, 600, -320, 280, -600, 600, -320, 280, -600, 280, -640, 560]
up/up0.csv  : [520, -360, 800, -80, 800, -120, 440, -440, 480, -440, 800, -40, 480, -480, 440, -440, 440, -480, 680, -200, 760, -120, 760, -160, 400, -520, 680, -200, 400, -520, 360, -520, 360, -560, 680, -200, 680, -200, 680, -240, 360, -560, 640, -240, 640]
up/up1.csv  : [360, -520, 680, -240, 640, -240, 360, -560, 360, -520, 640, -240, 360, -560, 360, -520, 360, -560, 640, -240, 640, -240, 640, -280, 320, -560, 640, -280, 320, -560, 360, -560, 280, -600, 640, -280, 600, -280, 640, -240, 320, -600, 600, -280, 640]
up/up2.csv  : [320, -560, 680, -240, 640, -240, 360, -560, 320, -560, 640, -240, 320, -600, 320, -560, 320, -600, 600, -280, 600, -280, 640, -280, 320, -560, 640, -280, 280, -600, 320, -600, 280, -600, 600, -280, 640, -280, 600, -280, 320, -600, 600, -280, 600]
up/up3.csv  : [320, -600, 640, -240, 640, -240, 360, -560, 320, -560, 640, -280, 320, -560, 320, -600, 320, -560, 640, -280, 600, -280, 600, -320, 280, -600, 600, -280, 320, -600, 320, -560, 320, -600, 600, -280, 600, -320, 600, -280, 320, -600, 600, -280, 600]
up/up4.csv  : [320, -560, 640, -280, 600, -280, 320, -600, 280, -600, 600, -280, 320, -600, 320, -560, 320, -600, 600, -280, 600, -280, 640, -280, 280, -600, 640, -280, 280, -600, 320, -600, 280, -600, 600, -320, 600, -280, 600, -280, 320, -600, 600, -280, 600]
up/up5.csv  : [320, -600, 640, -240, 600, -320, 280, -600, 320, -560, 640, -280, 320, -560, 320, -600, 280, -600, 640, -280, 600, -280, 600, -320, 280, -600, 600, -280, 320, -600, 280, -600, 280, -640, 560, -320, 600, -320, 560, -320, 280, -600, 600, -320, 600]
up/up6.csv  : [320, -560, 640, -280, 640, -240, 320, -600, 320, -560, 640, -280, 320, -560, 320, -600, 280, -600, 600, -320, 600, -280, 600, -320, 280, -600, 600, -320, 280, -600, 280, -600, 280, -640, 600, -280, 600, -320, 560, -320, 280, -640, 560, -320, 600]
up/up7.csv  : [320, -600, 600, -280, 640, -280, 320, -560, 320, -600, 600, -280, 320, -600, 280, -600, 320, -600, 600, -280, 600, -280, 600, -320, 280, -600, 600, -320, 280, -600, 280, -640, 280, -600, 600, -320, 560, -320, 600, -280, 320, -600, 600, -320, 560]
up/up8.csv  : [320, -600, 600, -280, 640, -280, 320, -560, 320, -600, 600, -280, 320, -600, 280, -600, 320, -560, 640, -280, 600, -280, 640, -280, 280, -600, 600, -320, 280, -600, 280, -640, 280, -600, 600, -280, 600, -320, 580, -300, 280, -640, 580, -300, 600]
down/down0.csv: [560, -320, 1720, -40, 520, -400, 520, -400, 760, -120, 480, -440, 440, -440, 440, -440, 760, -160, 720, -160, 720, -160, 440, -480, 720, -160, 440, -480, 400, -480, 400, -520, 400, -480, 400, -520, 400, -480, 400, -520, 400, -480, 400]
down/down1.csv: [400, -480, 760, -120, 720, -200, 400, -520, 400, -480, 720, -200, 360, -520, 400, -520, 360, -520, 720, -160, 720, -200, 680, -200, 400, -520, 680, -200, 360, -560, 360, -520, 360, -560, 320, -560, 360, -560, 320, -560, 360, -560, 360, -520, 360]
down/down2.csv: [400, -480, 680, -240, 680, -200, 400, -520, 360, -520, 680, -240, 360, -520, 360, -560, 320, -560, 680, -200, 680, -240, 640, -240, 360, -560, 640, -240, 360, -560, 320, -560, 320, -560, 360, -560, 320, -560, 320, -600, 320, -560, 320, -600, 320]
down/down3.csv: [360, -520, 680, -200, 680, -240, 360, -520, 360, -560, 640, -240, 360, -560, 320, -560, 360, -560, 640, -240, 640, -240, 640, -280, 320, -560, 640, -280, 320, -560, 320, -560, 320, -600, 320, -560, 320, -600, 320, -560, 320, -560, 320, -600, 320]
down/down4.csv: [360, -520, 680, -240, 640, -240, 360, -560, 320, -560, 640, -280, 320, -560, 360, -520, 360, -560, 640, -240, 640, -280, 600, -280, 360, -520, 640, -280, 320, -560, 320, -600, 320, -560, 320, -560, 320, -600, 320, -560, 320, -600, 280, -600, 320]
down/down5.csv: [360, -520, 680, -240, 640, -240, 360, -520, 360, -560, 640, -240, 360, -560, 320, -560, 360, -560, 640, -240, 640, -280, 600, -280, 320, -560, 640, -280, 320, -560, 320, -600, 320, -560, 320, -600, 280, -600, 320, -560, 320, -600, 320, -560, 320]
down/down6.csv: [400, -520, 640, -240, 680, -240, 320, -560, 360, -560, 640, -240, 320, -560, 360, -560, 320, -560, 640, -280, 640, -240, 640, -280, 320, -560, 640, -280, 280, -600, 320, -600, 280, -600, 320, -560, 320, -600, 320, -560, 320, -600, 280, -600, 320]
down/down7.csv: [360, -560, 640, -240, 680, -200, 400, -520, 360, -520, 680, -240, 320, -560, 360, -560, 320, -560, 640, -280, 600, -280, 640, -240, 320, -600, 620, -260, 320, -600, 320, -560, 320, -560, 320, -600, 320, -560, 320, -600, 320, -560, 320, -600, 280]
down/down8.csv: [360, -520, 640, -280, 640, -240, 360, -560, 320, -560, 640, -240, 360, -560, 320, -560, 360, -560, 640, -240, 640, -280, 600, -280, 320, -560, 640, -280, 320, -560, 320, -600, 320, -560, 320, -600, 320, -560, 320, -560, 320, -600, 320, -560, 360]
